0001000-create an Azure resource group
az group create --name ContosoRG --location eastus




0002000-create a Service Bus messaging namespace
az servicebus namespace create --resource-group ContosoRG --name ContosoSBusNS --location eastus



0003000-create a queue in the namespace




0003000
0004000
0005000
0006000
0007000
0008000
0009000
0010000
0011000
0012000
0013000
0014000
0015000
0016000
0017000
0018000
0019000
0020000
0021000
0022000
0023000
0024000
0025000
0026000
0027000
0028000
0029000
0030000
0031000
0032000
0033000
0034000
0035000
0036000
0037000
0038000
0039000
0040000
0041000
0042000
0043000
0044000
0045000
0046000
0047000
0048000
0049000
0050000
0051000
0052000
0053000
0054000
0055000
0056000
0057000
0058000
0059000
0060000
0061000
0062000
0063000
0064000
0065000
0066000
0067000
0068000
0069000
0070000
0071000
0072000
0073000
0074000
0075000
0076000
0077000
0078000
0079000
0080000
0081000
0082000
0083000
0084000
0085000
0086000
0087000
0088000
0089000
0090000
0091000
0092000
0093000
0094000
0095000
0096000
0097000
0098000
0099000
0100000
0101000
0102000
0103000
0104000
0105000
0106000
0107000
0108000
0109000
0110000
0111000
0112000
0113000
0114000
0115000
0116000
0117000
0118000
0119000
0120000
0121000
0122000
0123000
0124000
0125000
0126000
0127000
0128000
0129000
0130000
0131000
0132000
0133000
0134000
0135000
0136000
0137000
0138000
0139000
0140000
0141000
0142000
0143000
0144000
0145000
0146000
0147000
0148000
0149000
0150000
0151000
0152000
0153000
0154000
0155000
0156000
0157000
0158000
0159000
0160000
0161000
0162000
0163000
0164000
0165000
0166000
0167000
0168000
0169000
0170000
0171000
0172000
0173000
0174000
0175000
0176000
0177000
0178000
0179000
0180000
0181000
0182000
0183000
0184000
0185000
0186000
0187000
0188000
0189000
0190000
0191000
0192000
0193000
0194000
0195000
0196000
0197000
0198000
0199000
0200000
0201000
0202000
0203000
0204000
0205000
0206000
0207000
0208000
0209000
0210000
0211000
0212000
0213000
0214000
0215000
0216000
0217000
0218000
0219000
0220000
0221000
0222000
0223000
0224000
0225000
0226000
0227000
0228000
0229000
0230000
0231000
0232000
0233000
0234000
0235000
0236000
0237000
0238000
0239000
0240000









